1 48.680341 17.359066
2 48.846459 17.224604
3 48.815078 17.160366
4 48.718022 17.115102
5 48.638616 17.143468
6 48.658791 17.019720
7 48.631440 17.208813
8 48.784997 17.114862
9 48.692383 17.013539
10 48.606882 17.422272
11 48.587028 16.995015
12 48.772983 17.276420
13 48.603355 16.996840
14 48.678382 17.200055
15 48.614889 17.049860
16 48.740759 17.408238
17 48.676705 17.257281
18 48.654961 17.085424
19 48.725949 17.213299
20 48.585010 17.381242
21 48.720831 17.161840
22 48.655568 17.267177
23 48.578027 17.183798
24 48.556810 17.349077
25 48.675007 17.129612
26 48.657617 17.404199
27 48.782626 17.218622
28 48.640650 17.066635
29 48.823996 17.191726
30 48.702714 17.281893
31 48.677274 17.444137
32 48.723104 17.300523
33 48.627521 17.487115
34 48.811933 17.245591
35 48.772707 17.248771
36 48.535158 17.324313
37 48.749371 17.351433
38 48.728756 17.443888
39 48.832375 17.170047
40 48.623995 17.441062
41 48.750552 17.198380
42 48.713053 17.178094
43 48.805428 17.195955
44 48.708878 17.337825
45 48.710573 17.377965
46 48.726593 17.345030
47 48.773281 17.318239
48 48.745335 17.303736
49 48.750061 17.328298
50 48.800037 17.188879
51 48.587466 17.238156
52 48.784705 17.306344
