1 1 0
1 2 24
1 3 24
1 4 27
1 5 18
1 6 27
1 7 17
1 8 29
1 9 32
1 10 11
1 11 32
1 12 14
1 13 31
1 14 13
1 15 26
1 16 9
1 17 8
1 18 22
1 19 19
1 20 15
1 21 20
1 22 11
1 23 23
1 24 21
1 25 21
1 26 5
1 27 18
1 28 24
1 29 23
1 30 9
1 31 7
1 32 8
1 33 16
1 34 19
1 35 16
1 36 24
1 37 9
1 38 12
1 39 26
1 40 13
1 41 22
1 42 18
1 43 21
1 44 4
1 45 4
1 46 7
1 47 17
1 48 9
1 49 9
1 50 21
1 51 23
1 52 17
2 2 0
2 3 6
2 4 21
2 5 27
2 6 28
2 7 30
2 8 12
2 9 25
2 10 33
2 11 37
2 12 9
2 13 35
2 14 23
2 15 34
2 16 23
2 17 26
2 18 30
2 19 18
2 20 38
2 21 17
2 22 28
2 23 36
2 24 43
2 25 25
2 26 28
2 27 9
2 28 33
2 29 4
2 30 21
2 31 30
2 32 19
2 33 39
2 34 4
2 35 11
2 36 47
2 37 16
2 38 26
2 39 5
2 40 36
2 41 15
2 42 18
2 43 6
2 44 19
2 45 20
2 46 18
2 47 13
2 48 14
2 49 14
2 50 9
2 51 35
2 52 13
3 3 0
3 4 14
3 5 20
3 6 22
3 7 24
3 8 5
3 9 19
3 10 34
3 11 31
3 12 10
3 13 29
3 14 17
3 15 28
3 16 23
3 17 23
3 18 24
3 19 12
3 20 38
3 21 11
3 22 26
3 23 30
3 24 44
3 25 19
3 26 28
3 27 6
3 28 27
3 29 3
3 30 22
3 31 30
3 32 19
3 33 39
3 34 10
3 35 8
3 36 45
3 37 16
3 38 26
3 39 2
3 40 36
3 41 8
3 42 12
3 43 4
3 44 19
3 45 21
3 46 18
3 47 14
3 48 14
3 49 14
3 50 2
3 51 29
3 52 14
4 4 0
4 5 10
4 6 13
4 7 16
4 8 13
4 9 10
4 10 37
4 11 22
4 12 24
4 13 20
4 14 10
4 15 18
4 16 37
4 17 19
4 18 12
4 19 9
4 20 42
4 21 4
4 22 22
4 23 22
4 24 41
4 25 5
4 26 31
4 27 20
4 28 15
4 29 18
4 30 22
4 31 34
4 32 25
4 33 43
4 34 25
4 35 23
4 36 37
4 37 31
4 38 40
4 39 16
4 40 39
4 41 10
4 42 6
4 43 19
4 44 28
4 45 35
4 46 33
4 47 28
4 48 28
4 49 29
4 50 17
4 51 21
4 52 28
5 5 0
5 6 11
5 7 5
5 8 23
5 9 16
5 10 29
5 11 13
5 12 26
5 13 13
5 14 8
5 15 7
5 16 27
5 17 11
5 18 5
5 19 13
5 20 33
5 21 10
5 22 13
5 23 11
5 24 29
5 25 5
5 26 23
5 27 26
5 28 6
5 29 24
5 30 14
5 31 25
5 32 17
5 33 34
5 34 31
5 35 28
5 36 26
5 37 27
5 38 31
5 39 22
5 40 31
5 41 16
5 42 12
5 43 24
5 44 20
5 45 23
5 46 22
5 47 29
5 48 22
5 49 24
5 50 23
5 51 10
5 52 28
6 6 0
6 7 16
6 8 16
6 9 4
6 10 38
6 11 9
6 12 32
6 13 7
6 14 17
6 15 11
6 16 37
6 17 20
6 18 5
6 19 23
6 20 43
6 21 18
6 22 22
6 23 23
6 24 41
6 25 12
6 26 32
6 27 27
6 28 7
6 29 25
6 30 23
6 31 35
6 32 26
6 33 43
6 34 32
6 35 30
6 36 38
6 37 38
6 38 40
6 39 24
6 40 40
6 41 27
6 42 19
6 43 26
6 44 29
6 45 32
6 46 31
6 47 35
6 48 31
6 49 36
6 50 24
6 51 22
6 52 35
7 7 0
7 8 26
7 9 21
7 10 28
7 11 19
7 12 25
7 13 18
7 14 7
7 15 13
7 16 26
7 17 10
7 18 11
7 19 12
7 20 31
7 21 13
7 22 12
7 23 6
7 24 25
7 25 10
7 26 22
7 27 29
7 28 11
7 29 27
7 30 13
7 31 24
7 32 16
7 33 33
7 34 30
7 35 27
7 36 22
7 37 26
7 38 30
7 39 26
7 40 30
7 41 16
7 42 11
7 43 28
7 44 19
7 45 22
7 46 21
7 47 28
7 48 21
7 49 23
7 50 26
7 51 6
7 52 27
8 8 0
8 9 13
8 10 39
8 11 25
8 12 15
8 13 23
8 14 19
8 15 28
8 16 28
8 17 25
8 18 22
8 19 14
8 20 43
8 21 13
8 22 28
8 23 33
8 24 49
8 25 18
8 26 33
8 27 11
8 28 23
8 29 9
8 30 27
8 31 35
8 32 24
8 33 44
8 34 16
8 35 13
8 36 48
8 37 22
8 38 31
8 39 7
8 40 41
8 41 11
8 42 15
8 43 9
8 44 24
8 45 26
8 46 24
8 47 19
8 48 19
8 49 20
8 50 8
8 51 32
8 52 19
9 9 0
9 10 43
9 11 14
9 12 29
9 13 11
9 14 22
9 15 16
9 16 42
9 17 25
9 18 10
9 19 20
9 20 47
9 21 15
9 22 27
9 23 27
9 24 46
9 25 16
9 26 37
9 27 25
9 28 12
9 29 22
9 30 28
9 31 39
9 32 31
9 33 48
9 34 29
9 35 27
9 36 43
9 37 35
9 38 45
9 39 21
9 40 45
9 41 25
9 42 17
9 43 23
9 44 38
9 45 39
9 46 37
9 47 33
9 48 33
9 49 33
9 50 21
9 51 27
9 52 33
10 10 0
10 11 42
10 12 24
10 13 42
10 14 24
10 15 37
10 16 19
10 17 19
10 18 32
10 19 30
10 20 4
10 21 30
10 22 21
10 23 28
10 24 10
10 25 32
10 26 6
10 27 28
10 28 35
10 29 33
10 30 20
10 31 9
10 32 18
10 33 6
10 34 29
10 35 26
10 36 13
10 37 19
10 38 22
10 39 36
10 40 3
10 41 33
10 42 29
10 43 31
10 44 14
10 45 14
10 46 17
10 47 27
10 48 19
10 49 19
10 50 31
10 51 29
10 52 26
11 11 0
11 12 41
11 13 2
11 14 21
11 15 5
11 16 41
11 17 24
11 18 15
11 19 27
11 20 43
11 21 24
11 22 27
11 23 19
11 24 38
11 25 18
11 26 37
11 27 37
11 28 9
11 29 34
11 30 27
11 31 39
11 32 30
11 33 48
11 34 41
11 35 39
11 36 34
11 37 47
11 38 44
11 39 33
11 40 45
11 41 30
11 42 26
11 43 35
11 44 34
11 45 37
11 46 36
11 47 45
11 48 35
11 49 45
11 50 33
11 51 24
11 52 45
12 12 0
12 13 39
12 14 21
12 15 38
12 16 13
12 17 16
12 18 34
12 19 21
12 20 28
12 21 20
12 22 18
12 23 31
12 24 34
12 25 29
12 26 18
12 27 5
12 28 37
12 29 10
12 30 12
12 31 20
12 32 9
12 33 29
12 34 5
12 35 2
12 36 37
12 37 6
12 38 16
12 39 12
12 40 26
12 41 18
12 42 22
12 43 8
12 44 9
12 45 11
12 46 9
12 47 3
12 48 4
12 49 4
12 50 7
12 51 30
12 52 3
13 13 0
13 14 21
13 15 5
13 16 41
13 17 24
13 18 12
13 19 27
13 20 43
13 21 25
13 22 26
13 23 18
13 24 37
13 25 19
13 26 36
13 27 34
13 28 9
13 29 32
13 30 27
13 31 39
13 32 30
13 33 47
13 34 39
13 35 37
13 36 33
13 37 45
13 38 44
13 39 31
13 40 44
13 41 34
13 42 25
13 43 33
13 44 33
13 45 36
13 46 35
13 47 42
13 48 35
13 49 43
13 50 31
13 51 23
13 52 42
14 14 0
14 15 16
14 16 23
14 17 6
14 18 11
14 19 5
14 20 29
14 21 6
14 22 8
14 23 13
14 24 32
14 25 11
14 26 18
14 27 22
14 28 13
14 29 20
14 30 9
14 31 20
14 32 12
14 33 29
14 34 26
14 35 23
14 36 28
14 37 22
14 38 26
14 39 19
14 40 26
14 41 9
14 42 4
14 43 21
14 44 15
14 45 18
14 46 17
14 47 24
14 48 17
14 49 19
14 50 19
14 51 12
14 52 24
15 15 0
15 16 35
15 17 19
15 18 6
15 19 21
15 20 38
15 21 18
15 22 21
15 23 13
15 24 32
15 25 13
15 26 31
15 27 34
15 28 4
15 29 31
15 30 22
15 31 33
15 32 25
15 33 42
15 34 39
15 35 36
15 36 29
15 37 35
15 38 39
15 39 30
15 40 39
15 41 24
15 42 20
15 43 32
15 44 28
15 45 31
15 46 30
15 47 36
15 48 30
15 49 31
15 50 30
15 51 18
15 52 36
16 16 0
16 17 17
16 18 31
16 19 28
16 20 23
16 21 33
16 22 20
16 23 33
16 24 29
16 25 31
16 26 13
16 27 17
16 28 33
16 29 22
16 30 14
16 31 12
16 32 12
16 33 21
16 34 18
16 35 15
16 36 32
16 37 6
16 38 5
16 39 25
16 40 17
16 41 31
16 42 27
16 43 20
16 44 8
16 45 8
16 46 6
16 47 16
16 48 10
16 49 8
16 50 20
16 51 32
16 52 16
17 17 0
17 18 14
17 19 12
17 20 23
17 21 12
17 22 2
17 23 16
17 24 29
17 25 14
17 26 13
17 27 20
17 28 16
17 29 25
17 30 4
17 31 15
17 32 7
17 33 24
17 34 21
17 35 18
17 36 31
17 37 17
17 38 21
17 39 25
17 40 21
17 41 15
17 42 10
17 43 23
17 44 10
17 45 13
17 46 12
17 47 19
17 48 12
17 49 14
17 50 23
17 51 15
17 52 18
18 18 0
18 19 17
18 20 37
18 21 13
18 22 17
18 23 17
18 24 36
18 25 7
18 26 26
18 27 29
18 28 2
18 29 27
18 30 17
18 31 29
18 32 20
18 33 38
18 34 34
18 35 32
18 36 32
18 37 31
18 38 34
18 39 26
18 40 34
18 41 19
18 42 16
18 43 28
18 44 23
18 45 26
18 46 25
18 47 32
18 48 25
18 49 27
18 50 26
18 51 16
18 52 32
19 19 0
19 20 34
19 21 5
19 22 14
19 23 19
19 24 37
19 25 14
19 26 24
19 27 17
19 28 19
19 29 15
19 30 15
19 31 26
19 32 18
19 33 35
19 34 22
19 35 20
19 36 34
19 37 28
19 38 32
19 39 14
19 40 32
19 41 3
19 42 8
19 43 16
19 44 21
19 45 24
19 46 23
19 47 25
19 48 23
19 49 26
19 50 14
19 51 18
19 52 25
20 20 0
20 21 35
20 22 26
20 23 24
20 24 5
20 25 36
20 26 11
20 27 33
20 28 39
20 29 38
20 30 24
20 31 14
20 32 22
20 33 11
20 34 33
20 35 30
20 36 9
20 37 23
20 38 27
20 39 40
20 40 7
20 41 37
20 42 33
20 43 36
20 44 19
20 45 19
20 46 21
20 47 31
20 48 24
20 49 24
20 50 36
20 51 25
20 52 31
21 21 0
21 22 15
21 23 19
21 24 38
21 25 9
21 26 24
21 27 16
21 28 16
21 29 14
21 30 15
21 31 27
21 32 18
21 33 35
21 34 21
21 35 19
21 36 34
21 37 27
21 38 37
21 39 13
21 40 32
21 41 6
21 42 1
21 43 15
21 44 21
21 45 31
21 46 23
21 47 24
21 48 24
21 49 25
21 50 13
21 51 18
21 52 24
22 22 0
22 23 19
22 24 26
22 25 16
22 26 16
22 27 23
22 28 19
22 29 28
22 30 6
22 31 18
22 32 9
22 33 21
22 34 24
22 35 20
22 36 34
22 37 20
22 38 23
22 39 28
22 40 18
22 41 17
22 42 13
22 43 26
22 44 12
22 45 15
22 46 15
22 47 21
22 48 14
22 49 16
22 50 26
22 51 18
22 52 21
23 23 0
23 24 18
23 25 16
23 26 28
23 27 36
23 28 18
23 29 33
23 30 19
23 31 31
23 32 22
23 33 35
23 34 36
23 35 33
23 36 15
23 37 33
23 38 36
23 39 32
23 40 31
23 41 22
23 42 17
23 43 34
23 44 25
23 45 28
23 46 27
23 47 34
23 48 27
23 49 29
23 50 32
23 51 5
23 52 34
24 24 0
24 25 35
24 26 16
24 27 38
24 28 37
24 29 43
24 30 29
24 31 19
24 32 27
24 33 16
24 34 39
24 35 36
24 36 3
24 37 28
24 38 32
24 39 46
24 40 13
24 41 41
24 42 36
24 43 41
24 44 24
24 45 24
24 46 27
24 47 36
24 48 29
24 49 29
24 50 41
24 51 19
24 52 36
25 25 0
25 26 26
25 27 25
25 28 9
25 29 22
25 30 17
25 31 28
25 32 20
25 33 37
25 34 29
25 35 27
25 36 32
25 37 30
25 38 34
25 39 21
25 40 34
25 41 15
25 42 10
25 43 23
25 44 23
25 45 26
25 46 25
25 47 33
25 48 25
25 49 27
25 50 21
25 51 16
25 52 33
26 26 0
26 27 22
26 28 29
26 29 27
26 30 14
26 31 11
26 32 12
26 33 12
26 34 23
26 35 20
26 36 20
26 37 13
26 38 16
26 39 30
26 40 8
26 41 27
26 42 23
26 43 25
26 44 8
26 45 8
26 46 11
26 47 21
26 48 13
26 49 13
26 50 25
26 51 27
26 52 21
27 27 0
27 28 32
27 29 5
27 30 16
27 31 24
27 32 13
27 33 33
27 34 9
27 35 2
27 36 42
27 37 11
27 38 21
27 39 8
27 40 30
27 41 14
27 42 18
27 43 3
27 44 13
27 45 15
27 46 13
27 47 8
27 48 8
27 49 9
27 50 3
27 51 35
27 52 8
28 28 0
28 29 30
28 30 20
28 31 32
28 32 23
28 33 41
28 34 37
28 35 35
28 36 33
28 37 34
28 38 37
28 39 29
28 40 37
28 41 22
28 42 19
28 43 31
28 44 26
28 45 29
28 46 28
28 47 35
28 48 28
28 49 30
28 50 29
28 51 16
28 52 35
29 29 0
29 30 21
29 31 29
29 32 18
29 33 38
29 34 8
29 35 8
29 36 47
29 37 16
29 38 26
29 39 2
29 40 35
29 41 11
29 42 15
29 43 2
29 44 18
29 45 20
29 46 18
29 47 13
29 48 13
29 49 14
29 50 4
29 51 32
29 52 13
30 30 0
30 31 16
30 32 3
30 33 25
30 34 17
30 35 14
30 36 34
30 37 11
30 38 18
30 39 24
30 40 22
30 41 18
30 42 13
30 43 19
30 44 6
30 45 10
30 46 8
30 47 14
30 48 8
30 49 9
30 50 19
30 51 18
30 52 14
31 31 0
31 32 14
31 33 11
31 34 25
31 35 22
31 36 23
31 37 15
31 38 14
31 39 32
31 40 6
31 41 29
31 42 25
31 43 27
31 44 10
31 45 10
31 46 13
31 47 23
31 48 15
31 49 15
31 50 27
31 51 30
31 52 23
32 32 0
32 33 23
32 34 14
32 35 11
32 36 31
32 37 9
32 38 15
32 39 21
32 40 20
32 41 21
32 42 16
32 43 16
32 44 3
32 45 7
32 46 5
32 47 12
32 48 5
32 49 7
32 50 16
32 51 21
32 52 12
33 33 0
33 34 34
33 35 31
33 36 19
33 37 24
33 38 22
33 39 41
33 40 4
33 41 38
33 42 34
33 43 36
33 44 19
33 45 19
33 46 22
33 47 32
33 48 24
33 49 24
33 50 36
33 51 35
33 52 32
34 34 0
34 35 7
34 36 42
34 37 11
34 38 21
34 39 9
34 40 31
34 41 19
34 42 23
34 43 12
34 44 14
34 45 16
34 46 14
34 47 8
34 48 9
34 49 10
34 50 12
34 51 35
34 52 8
35 35 0
35 36 39
35 37 8
35 38 18
35 39 10
35 40 28
35 41 16
35 42 20
35 43 6
35 44 11
35 45 13
35 46 10
35 47 6
35 48 6
35 49 6
35 50 5
35 51 32
35 52 6
36 36 0
36 37 32
36 38 36
36 39 47
36 40 16
36 41 37
36 42 33
36 43 45
36 44 28
36 45 28
36 46 30
36 47 40
36 48 33
36 49 32
36 50 44
36 51 15
36 52 40
37 37 0
37 38 9
37 39 18
37 40 21
37 41 25
37 42 28
37 43 14
37 44 6
37 45 5
37 46 3
37 47 9
37 48 3
37 49 2
37 50 14
37 51 32
37 52 9
38 38 0
38 39 28
38 40 21
38 41 34
38 42 31
38 43 24
38 44 12
38 45 11
38 46 9
38 47 19
38 48 13
38 49 11
38 50 23
38 51 35
38 52 19
39 39 0
39 40 38
39 41 10
39 42 14
39 43 4
39 44 21
39 45 23
39 46 20
39 47 16
39 48 16
39 49 16
39 50 4
39 51 31
39 52 16
40 40 0
40 41 35
40 42 31
40 43 33
40 44 16
40 45 16
40 46 19
40 47 29
40 48 21
40 49 21
40 50 33
40 51 32
40 52 29
41 41 0
41 42 8
41 43 12
41 44 27
41 45 29
41 46 27
41 47 22
41 48 22
41 49 23
41 50 11
41 51 21
41 52 22
42 42 0
42 43 16
42 44 20
42 45 23
42 46 22
42 47 26
42 48 22
42 49 27
42 50 14
42 51 17
42 52 26
43 43 0
43 44 16
43 45 18
43 46 16
43 47 11
43 48 11
43 49 12
43 50 2
43 51 33
43 52 11
44 44 0
44 45 4
44 46 2
44 47 11
44 48 5
44 49 6
44 50 16
44 51 24
44 52 11
45 45 0
45 46 4
45 47 13
45 48 8
45 49 6
45 50 18
45 51 28
45 52 13
46 46 0
46 47 11
46 48 6
46 49 4
46 50 16
46 51 26
46 52 11
47 47 0
47 48 6
47 49 7
47 50 11
47 51 33
47 52 3
48 48 0
48 49 2
48 50 11
48 51 26
48 52 6
49 49 0
49 50 12
49 51 28
49 52 7
50 50 0
50 51 31
50 52 11
51 51 0
51 52 33
52 52 0
