1 1 0
2 2 0
3 3 0
4 4 0
5 5 0
6 6 0
7 7 0
8 8 0
9 9 0
10 10 0
11 11 0
12 12 0
13 13 0
14 14 0
15 15 0
16 16 0
17 17 0
18 18 0
19 19 0
20 20 0
21 21 0
22 22 0
23 23 0
24 24 0
25 25 0
26 26 0
27 27 0
28 28 0
29 29 0
30 30 0
31 31 0
32 32 0
33 33 0
34 34 0
35 35 0
36 36 0
37 37 0
38 38 0
39 39 0
40 40 0
41 41 0
42 42 0
43 43 0
44 44 0
45 45 0
46 46 0
47 47 0
48 48 0
49 49 0
50 50 0
51 51 0
52 52 0
1 2 24.200000
1 3 24.200000
1 4 27.100000
1 5 18.600000
1 6 27.900000
1 7 17.600000
1 8 29.300000
1 9 32.700000
1 10 11.300000
1 11 32.300000
1 12 14.200000
1 13 31.900000
1 14 13.800000
1 15 26.500000
1 16 9.300000
1 17 8.600000
1 18 22.100000
1 19 19.600000
1 20 15.800000
1 21 20.100000
1 22 11.200000
1 23 23.900000
1 24 21.100000
1 25 21.700000
1 26 5.300000
1 27 18.700000
1 28 24.500000
1 29 23.700000
1 30 9.400000
1 31 7.400000
1 32 8.000000
1 33 16.500000
1 34 19.300000
1 35 16.200000
1 36 24.600000
1 37 9.100000
1 38 12.600000
1 39 26.300000
1 40 13.300000
1 41 22.800000
1 42 18.400000
1 43 21.600000
1 44 4.600000
1 45 4.600000
1 46 7.400000
1 47 17.100000
1 48 9.700000
1 49 9.500000
1 50 21.400000
1 51 23.000000
1 52 17.000000
2 3 6.500000
2 4 21.100000
2 5 27.000000
2 6 28.300000
2 7 30.500000
2 8 12.000000
2 9 25.700000
2 10 33.900000
2 11 37.800000
2 12 9.700000
2 13 35.400000
2 14 23.500000
2 15 34.900000
2 16 23.000000
2 17 26.000000
2 18 30.500000
2 19 18.300000
2 20 38.500000
2 21 17.200000
2 22 28.600000
2 23 36.800000
2 24 43.800000
2 25 25.700000
2 26 28.000000
2 27 9.600000
2 28 33.500000
2 29 4.000000
2 30 21.900000
2 31 30.100000
2 32 19.300000
2 33 39.200000
2 34 4.700000
2 35 11.700000
2 36 47.300000
2 37 16.600000
2 38 26.400000
2 39 5.400000
2 40 36.000000
2 41 15.100000
2 42 18.900000
2 43 6.200000
2 44 19.000000
2 45 20.700000
2 46 18.700000
2 47 13.100000
2 48 14.000000
2 49 14.700000
2 50 9.100000
2 51 35.900000
2 52 13.000000
3 4 14.900000
3 5 20.700000
3 6 22.100000
3 7 24.200000
3 8 5.700000
3 9 19.500000
3 10 34.200000
3 11 31.500000
3 12 10.500000
3 13 29.100000
3 14 17.200000
3 15 28.700000
3 16 23.200000
3 17 23.500000
3 18 24.200000
3 19 12.000000
3 20 38.700000
3 21 11.000000
3 22 26.100000
3 23 30.600000
3 24 44.000000
3 25 19.500000
3 26 28.200000
3 27 6.100000
3 28 27.200000
3 29 3.500000
3 30 22.000000
3 31 30.300000
3 32 19.300000
3 33 39.400000
3 34 10.700000
3 35 8.700000
3 36 45.700000
3 37 16.800000
3 38 26.600000
3 39 2.300000
3 40 36.200000
3 41 8.800000
3 42 12.600000
3 43 4.700000
3 44 19.100000
3 45 21.000000
3 46 18.900000
3 47 14.100000
3 48 14.000000
3 49 14.900000
3 50 2.800000
3 51 29.600000
3 52 14.100000
4 5 10.500000
4 6 13.500000
4 7 16.000000
4 8 13.100000
4 9 10.900000
4 10 37.800000
4 11 22.900000
4 12 24.800000
4 13 20.500000
4 14 10.900000
4 15 18.400000
4 16 37.500000
4 17 19.600000
4 18 12.600000
4 19 9.400000
4 20 42.300000
4 21 4.600000
4 22 22.200000
4 23 22.300000
4 24 41.100000
4 25 5.400000
4 26 31.800000
4 27 20.400000
4 28 15.000000
4 29 18.100000
4 30 22.600000
4 31 34.200000
4 32 25.600000
4 33 43.000000
4 34 25.300000
4 35 23.000000
4 36 37.500000
4 37 31.100000
4 38 40.900000
4 39 16.900000
4 40 39.800000
4 41 10.500000
4 42 6.300000
4 43 19.000000
4 44 28.800000
4 45 35.300000
4 46 33.200000
4 47 28.400000
4 48 28.300000
4 49 29.200000
4 50 17.100000
4 51 21.400000
4 52 28.400000
5 6 11.300000
5 7 5.500000
5 8 23.200000
5 9 16.100000
5 10 29.300000
5 11 13.600000
5 12 26.300000
5 13 13.200000
5 14 8.000000
5 15 7.900000
5 16 27.900000
5 17 11.100000
5 18 5.500000
5 19 13.800000
5 20 33.900000
5 21 10.500000
5 22 13.700000
5 23 11.200000
5 24 29.900000
5 25 5.100000
5 26 23.400000
5 27 26.300000
5 28 6.500000
5 29 24.000000
5 30 14.200000
5 31 25.800000
5 32 17.200000
5 33 34.500000
5 34 31.200000
5 35 28.900000
5 36 26.300000
5 37 27.700000
5 38 31.300000
5 39 22.800000
5 40 31.400000
5 41 16.400000
5 42 12.600000
5 43 24.900000
5 44 20.300000
5 45 23.300000
5 46 22.400000
5 47 29.000000
5 48 22.300000
5 49 24.000000
5 50 23.000000
5 51 10.200000
5 52 28.900000
6 7 16.700000
6 8 16.300000
6 9 4.800000
6 10 38.500000
6 11 9.500000
6 12 32.000000
6 13 7.100000
6 14 17.300000
6 15 11.800000
6 16 37.200000
6 17 20.300000
6 18 5.800000
6 19 23.000000
6 20 43.100000
6 21 18.100000
6 22 22.900000
6 23 23.100000
6 24 41.800000
6 25 12.900000
6 26 32.600000
6 27 27.600000
6 28 7.200000
6 29 25.300000
6 30 23.400000
6 31 35.000000
6 32 26.400000
6 33 43.700000
6 34 32.500000
6 35 30.200000
6 36 38.200000
6 37 38.300000
6 38 40.500000
6 39 24.100000
6 40 40.600000
6 41 27.600000
6 42 19.800000
6 43 26.200000
6 44 29.500000
6 45 32.500000
6 46 31.600000
6 47 35.600000
6 48 31.500000
6 49 36.400000
6 50 24.300000
6 51 22.100000
6 52 35.600000
7 8 26.700000
7 9 21.600000
7 10 28.300000
7 11 19.000000
7 12 25.300000
7 13 18.600000
7 14 7.000000
7 15 13.300000
7 16 26.900000
7 17 10.000000
7 18 11.000000
7 19 12.800000
7 20 31.400000
7 21 13.300000
7 22 12.600000
7 23 6.900000
7 24 25.700000
7 25 10.600000
7 26 22.300000
7 27 29.700000
7 28 11.800000
7 29 27.500000
7 30 13.100000
7 31 24.700000
7 32 16.100000
7 33 33.500000
7 34 30.300000
7 35 27.100000
7 36 22.100000
7 37 26.700000
7 38 30.300000
7 39 26.200000
7 40 30.300000
7 41 16.000000
7 42 11.600000
7 43 28.300000
7 44 19.300000
7 45 22.300000
7 46 21.400000
7 47 28.000000
7 48 21.200000
7 49 23.000000
7 50 26.500000
7 51 6.000000
7 52 27.900000
8 9 13.700000
8 10 39.400000
8 11 25.800000
8 12 15.700000
8 13 23.400000
8 14 19.700000
8 15 28.100000
8 16 28.400000
8 17 25.900000
8 18 22.100000
8 19 14.500000
8 20 43.900000
8 21 13.400000
8 22 28.500000
8 23 33.000000
8 24 49.200000
8 25 18.500000
8 26 33.400000
8 27 11.300000
8 28 23.500000
8 29 9.000000
8 30 27.200000
8 31 35.500000
8 32 24.500000
8 33 44.600000
8 34 16.200000
8 35 13.900000
8 36 48.200000
8 37 22.000000
8 38 31.800000
8 39 7.800000
8 40 41.400000
8 41 11.300000
8 42 15.100000
8 43 9.900000
8 44 24.300000
8 45 26.200000
8 46 24.100000
8 47 19.300000
8 48 19.200000
8 49 20.100000
8 50 8.000000
8 51 32.100000
8 52 19.200000
9 10 43.400000
9 11 14.300000
9 12 29.500000
9 13 11.900000
9 14 22.100000
9 15 16.600000
9 16 42.200000
9 17 25.100000
9 18 10.600000
9 19 20.400000
9 20 47.900000
9 21 15.500000
9 22 27.700000
9 23 27.900000
9 24 46.700000
9 25 16.300000
9 26 37.400000
9 27 25.000000
9 28 12.000000
9 29 22.800000
9 30 28.200000
9 31 39.800000
9 32 31.200000
9 33 48.600000
9 34 29.900000
9 35 27.600000
9 36 43.100000
9 37 35.700000
9 38 45.500000
9 39 21.500000
9 40 45.400000
9 41 25.000000
9 42 17.200000
9 43 23.600000
9 44 38.000000
9 45 39.900000
9 46 37.800000
9 47 33.100000
9 48 33.000000
9 49 33.800000
9 50 21.700000
9 51 27.000000
9 52 33.000000
10 11 42.900000
10 12 24.200000
10 13 42.500000
10 14 24.400000
10 15 37.200000
10 16 19.200000
10 17 19.200000
10 18 32.700000
10 19 30.200000
10 20 4.700000
10 21 30.700000
10 22 21.800000
10 23 28.800000
10 24 10.000000
10 25 32.300000
10 26 6.900000
10 27 28.700000
10 28 35.100000
10 29 33.700000
10 30 20.000000
10 31 9.800000
10 32 18.000000
10 33 6.400000
10 34 29.300000
10 35 26.100000
10 36 13.600000
10 37 19.000000
10 38 22.600000
10 39 36.200000
10 40 3.200000
10 41 33.400000
10 42 29.000000
10 43 31.600000
10 44 14.600000
10 45 14.600000
10 46 17.400000
10 47 27.000000
10 48 19.700000
10 49 19.500000
10 50 31.400000
10 51 29.400000
10 52 26.900000
11 12 41.500000
11 13 2.400000
11 14 21.700000
11 15 5.700000
11 16 41.600000
11 17 24.700000
11 18 15.000000
11 19 27.500000
11 20 43.800000
11 21 24.100000
11 22 27.300000
11 23 19.200000
11 24 38.100000
11 25 18.700000
11 26 37.000000
11 27 37.000000
11 28 9.800000
11 29 34.800000
11 30 27.800000
11 31 39.400000
11 32 30.800000
11 33 48.200000
11 34 41.900000
11 35 39.600000
11 36 34.500000
11 37 47.700000
11 38 44.900000
11 39 33.500000
11 40 45.000000
11 41 30.000000
11 42 26.300000
11 43 35.600000
11 44 34.000000
11 45 37.000000
11 46 36.000000
11 47 45.100000
11 48 35.900000
11 49 45.800000
11 50 33.800000
11 51 24.200000
11 52 45.000000
12 13 39.100000
12 14 21.500000
12 15 38.600000
12 16 13.300000
12 17 16.200000
12 18 34.100000
12 19 21.900000
12 20 28.800000
12 21 20.900000
12 22 18.900000
12 23 31.600000
12 24 34.000000
12 25 29.400000
12 26 18.300000
12 27 5.100000
12 28 37.100000
12 29 10.100000
12 30 12.200000
12 31 20.300000
12 32 9.500000
12 33 29.400000
12 34 5.100000
12 35 2.500000
12 36 37.600000
12 37 6.800000
12 38 16.600000
12 39 12.600000
12 40 26.200000
12 41 18.700000
12 42 22.600000
12 43 8.000000
12 44 9.300000
12 45 11.000000
12 46 9.000000
12 47 3.300000
12 48 4.200000
12 49 4.900000
12 50 7.800000
12 51 30.700000
12 52 3.300000
13 14 21.300000
13 15 5.300000
13 16 41.200000
13 17 24.300000
13 18 12.700000
13 19 27.000000
13 20 43.100000
13 21 25.200000
13 22 26.900000
13 23 18.500000
13 24 37.400000
13 25 19.800000
13 26 36.600000
13 27 34.600000
13 28 9.400000
13 29 32.400000
13 30 27.400000
13 31 39.000000
13 32 30.400000
13 33 47.700000
13 34 39.600000
13 35 37.200000
13 36 33.800000
13 37 45.300000
13 38 44.500000
13 39 31.100000
13 40 44.600000
13 41 34.600000
13 42 25.800000
13 43 33.300000
13 44 33.500000
13 45 36.500000
13 46 35.600000
13 47 42.700000
13 48 35.500000
13 49 43.400000
13 50 31.400000
13 51 23.500000
13 52 42.600000
14 15 16.000000
14 16 23.100000
14 17 6.200000
14 18 11.500000
14 19 5.800000
14 20 29.000000
14 21 6.300000
14 22 8.800000
14 23 13.300000
14 24 32.100000
14 25 11.100000
14 26 18.500000
14 27 22.700000
14 28 13.900000
14 29 20.500000
14 30 9.300000
14 31 20.900000
14 32 12.300000
14 33 29.700000
14 34 26.600000
14 35 23.300000
14 36 28.500000
14 37 22.900000
14 38 26.500000
14 39 19.300000
14 40 26.500000
14 41 9.000000
14 42 4.600000
14 43 21.400000
14 44 15.500000
14 45 18.500000
14 46 17.600000
14 47 24.200000
14 48 17.400000
14 49 19.200000
14 50 19.500000
14 51 12.400000
14 52 24.100000
15 16 35.900000
15 17 19.000000
15 18 6.500000
15 19 21.700000
15 20 38.500000
15 21 18.400000
15 22 21.600000
15 23 13.900000
15 24 32.700000
15 25 13.000000
15 26 31.300000
15 27 34.200000
15 28 4.100000
15 29 31.900000
15 30 22.100000
15 31 33.700000
15 32 25.100000
15 33 42.400000
15 34 39.100000
15 35 36.800000
15 36 29.100000
15 37 35.600000
15 38 39.200000
15 39 30.700000
15 40 39.300000
15 41 24.300000
15 42 20.500000
15 43 32.800000
15 44 28.200000
15 45 31.200000
15 46 30.300000
15 47 36.900000
15 48 30.200000
15 49 31.900000
15 50 30.900000
15 51 18.900000
15 52 36.800000
16 17 17.800000
16 18 31.400000
16 19 28.800000
16 20 23.800000
16 21 33.600000
16 22 20.500000
16 23 33.200000
16 24 29.100000
16 25 31.000000
16 26 13.300000
16 27 17.800000
16 28 33.800000
16 29 22.800000
16 30 14.700000
16 31 12.500000
16 32 12.100000
16 33 21.800000
16 34 18.400000
16 35 15.200000
16 36 32.600000
16 37 6.200000
16 38 5.500000
16 39 25.300000
16 40 17.700000
16 41 31.400000
16 42 27.600000
16 43 20.700000
16 44 8.600000
16 45 8.500000
16 46 6.400000
16 47 16.100000
16 48 10.300000
16 49 8.600000
16 50 20.500000
16 51 32.200000
16 52 16.000000
17 18 14.500000
17 19 12.000000
17 20 23.800000
17 21 12.500000
17 22 2.600000
17 23 16.400000
17 24 29.100000
17 25 14.200000
17 26 13.300000
17 27 20.600000
17 28 16.900000
17 29 25.600000
17 30 4.100000
17 31 15.700000
17 32 7.100000
17 33 24.500000
17 34 21.300000
17 35 18.100000
17 36 31.500000
17 37 17.700000
17 38 21.200000
17 39 25.500000
17 40 21.300000
17 41 15.200000
17 42 10.800000
17 43 23.500000
17 44 10.300000
17 45 13.200000
17 46 12.300000
17 47 19.000000
17 48 12.200000
17 49 14.000000
17 50 23.400000
17 51 15.400000
17 52 18.900000
18 19 17.300000
18 20 37.300000
18 21 13.900000
18 22 17.100000
18 23 17.300000
18 24 36.100000
18 25 7.200000
18 26 26.800000
18 27 29.700000
18 28 2.400000
18 29 27.500000
18 30 17.600000
18 31 29.200000
18 32 20.600000
18 33 38.000000
18 34 34.600000
18 35 32.300000
18 36 32.500000
18 37 31.200000
18 38 34.800000
18 39 26.200000
18 40 34.800000
18 41 19.800000
18 42 16.100000
18 43 28.300000
18 44 23.800000
18 45 26.800000
18 46 25.900000
18 47 32.500000
18 48 25.700000
18 49 27.500000
18 50 26.500000
18 51 16.400000
18 52 32.400000
19 20 34.800000
19 21 5.500000
19 22 14.600000
19 23 19.100000
19 24 37.800000
19 25 14.100000
19 26 24.300000
19 27 17.500000
19 28 19.700000
19 29 15.300000
19 30 15.100000
19 31 26.700000
19 32 18.100000
19 33 35.500000
19 34 22.400000
19 35 20.100000
19 36 34.200000
19 37 28.200000
19 38 32.200000
19 39 14.000000
19 40 32.300000
19 41 3.200000
19 42 8.800000
19 43 16.100000
19 44 21.300000
19 45 24.200000
19 46 23.300000
19 47 25.600000
19 48 23.200000
19 49 26.300000
19 50 14.300000
19 51 18.200000
19 52 25.500000
20 21 35.200000
20 22 26.400000
20 23 24.600000
20 24 5.800000
20 25 36.900000
20 26 11.400000
20 27 33.300000
20 28 39.700000
20 29 38.200000
20 30 24.500000
20 31 14.300000
20 32 22.500000
20 33 11.000000
20 34 33.800000
20 35 30.700000
20 36 9.300000
20 37 23.600000
20 38 27.200000
20 39 40.800000
20 40 7.800000
20 41 37.900000
20 42 33.500000
20 43 36.200000
20 44 19.100000
20 45 19.200000
20 46 21.900000
20 47 31.600000
20 48 24.200000
20 49 24.000000
20 50 36.000000
20 51 25.200000
20 52 31.500000
21 22 15.100000
21 23 19.600000
21 24 38.300000
21 25 9.200000
21 26 24.800000
21 27 16.500000
21 28 16.900000
21 29 14.200000
21 30 15.600000
21 31 27.200000
21 32 18.600000
21 33 35.900000
21 34 21.400000
21 35 19.100000
21 36 34.700000
21 37 27.200000
21 38 37.000000
21 39 13.000000
21 40 32.800000
21 41 6.600000
21 42 1.700000
21 43 15.100000
21 44 21.700000
21 45 31.400000
21 46 23.800000
21 47 24.500000
21 48 24.400000
21 49 25.300000
21 50 13.200000
21 51 18.600000
21 52 24.500000
22 23 19.000000
22 24 26.200000
22 25 16.800000
22 26 16.000000
22 27 23.300000
22 28 19.500000
22 29 28.300000
22 30 6.700000
22 31 18.300000
22 32 9.700000
22 33 21.600000
22 34 24.000000
22 35 20.700000
22 36 34.100000
22 37 20.300000
22 38 23.900000
22 39 28.100000
22 40 18.400000
22 41 17.800000
22 42 13.400000
22 43 26.200000
22 44 12.900000
22 45 15.900000
22 46 15.000000
22 47 21.600000
22 48 14.900000
22 49 16.600000
22 50 26.000000
22 51 18.000000
22 52 21.500000
23 24 18.800000
23 25 16.900000
23 26 28.700000
23 27 36.100000
23 28 18.100000
23 29 33.800000
23 30 19.500000
23 31 31.100000
23 32 22.400000
23 33 35.000000
23 34 36.700000
23 35 33.400000
23 36 15.200000
23 37 33.000000
23 38 36.600000
23 39 32.600000
23 40 31.900000
23 41 22.300000
23 42 17.900000
23 43 34.700000
23 44 25.600000
23 45 28.600000
23 46 27.700000
23 47 34.300000
23 48 27.600000
23 49 29.300000
23 50 32.800000
23 51 5.000000
23 52 34.200000
24 25 35.700000
24 26 16.700000
24 27 38.600000
24 28 37.000000
24 29 43.500000
24 30 29.800000
24 31 19.600000
24 32 27.800000
24 33 16.300000
24 34 39.100000
24 35 36.000000
24 36 3.600000
24 37 28.900000
24 38 32.500000
24 39 46.100000
24 40 13.100000
24 41 41.000000
24 42 36.700000
24 43 41.500000
24 44 24.400000
24 45 24.500000
24 46 27.200000
24 47 36.900000
24 48 29.500000
24 49 29.300000
24 50 41.300000
24 51 19.400000
24 52 36.800000
25 26 26.400000
25 27 25.000000
25 28 9.600000
25 29 22.800000
25 30 17.200000
25 31 28.800000
25 32 20.200000
25 33 37.600000
25 34 29.900000
25 35 27.600000
25 36 32.100000
25 37 30.800000
25 38 34.400000
25 39 21.500000
25 40 34.400000
25 41 15.100000
25 42 10.900000
25 43 23.600000
25 44 23.400000
25 45 26.400000
25 46 25.500000
25 47 33.100000
25 48 25.300000
25 49 27.100000
25 50 21.700000
25 51 16.000000
25 52 33.000000
26 27 22.800000
26 28 29.200000
26 29 27.800000
26 30 14.100000
26 31 11.200000
26 32 12.100000
26 33 12.100000
26 34 23.400000
26 35 20.200000
26 36 20.200000
26 37 13.100000
26 38 16.700000
26 39 30.300000
26 40 8.900000
26 41 27.500000
26 42 23.100000
26 43 25.700000
26 44 8.700000
26 45 8.700000
26 46 11.500000
26 47 21.100000
26 48 13.800000
26 49 13.600000
26 50 25.500000
26 51 27.700000
26 52 21.000000
27 28 32.700000
27 29 5.600000
27 30 16.600000
27 31 24.900000
27 32 13.900000
27 33 33.900000
27 34 9.600000
27 35 2.600000
27 36 42.100000
27 37 11.300000
27 38 21.200000
27 39 8.200000
27 40 30.800000
27 41 14.300000
27 42 18.100000
27 43 3.500000
27 44 13.700000
27 45 15.500000
27 46 13.500000
27 47 8.700000
27 48 8.600000
27 49 9.400000
27 50 3.400000
27 51 35.100000
27 52 8.600000
28 29 30.500000
28 30 20.600000
28 31 32.200000
28 32 23.600000
28 33 41.000000
28 34 37.700000
28 35 35.300000
28 36 33.200000
28 37 34.200000
28 38 37.800000
28 39 29.200000
28 40 37.800000
28 41 22.900000
28 42 19.100000
28 43 31.400000
28 44 26.800000
28 45 29.800000
28 46 28.900000
28 47 35.500000
28 48 28.800000
28 49 30.500000
28 50 29.500000
28 51 16.500000
28 52 35.400000
29 30 21.600000
29 31 29.800000
29 32 18.900000
29 33 38.900000
29 34 8.200000
29 35 8.200000
29 36 47.100000
29 37 16.300000
29 38 26.100000
29 39 2.200000
29 40 35.700000
29 41 11.800000
29 42 15.600000
29 43 2.200000
29 44 18.600000
29 45 20.500000
29 46 18.500000
29 47 13.700000
29 48 13.600000
29 49 14.400000
29 50 4.000000
29 51 32.600000
29 52 13.600000
30 31 16.500000
30 32 3.800000
30 33 25.300000
30 34 17.300000
30 35 14.000000
30 36 34.600000
30 37 11.800000
30 38 18.100000
30 39 24.100000
30 40 22.100000
30 41 18.300000
30 42 13.900000
30 43 19.500000
30 44 6.200000
30 45 10.300000
30 46 8.300000
30 47 14.900000
30 48 8.200000
30 49 9.900000
30 50 19.300000
30 51 18.500000
30 52 14.800000
31 32 14.100000
31 33 11.600000
31 34 25.400000
31 35 22.300000
31 36 23.100000
31 37 15.200000
31 38 14.200000
31 39 32.400000
31 40 6.500000
31 41 29.900000
31 42 25.500000
31 43 27.800000
31 44 10.700000
31 45 10.800000
31 46 13.500000
31 47 23.200000
31 48 15.800000
31 49 15.600000
31 50 27.600000
31 51 30.100000
31 52 23.100000
32 33 23.200000
32 34 14.600000
32 35 11.300000
32 36 31.400000
32 37 9.100000
32 38 15.400000
32 39 21.400000
32 40 20.000000
32 41 21.100000
32 42 16.700000
32 43 16.800000
32 44 3.500000
32 45 7.600000
32 46 5.600000
32 47 12.200000
32 48 5.500000
32 49 7.200000
32 50 16.600000
32 51 21.300000
32 52 12.100000
33 34 34.500000
33 35 31.400000
33 36 19.800000
33 37 24.200000
33 38 22.400000
33 39 41.400000
33 40 4.000000
33 41 38.600000
33 42 34.200000
33 43 36.800000
33 44 19.800000
33 45 19.800000
33 46 22.600000
33 47 32.200000
33 48 24.900000
33 49 24.700000
33 50 36.600000
33 51 35.600000
33 52 32.100000
34 35 7.100000
34 36 42.700000
34 37 11.900000
34 38 21.700000
34 39 9.500000
34 40 31.300000
34 41 19.200000
34 42 23.000000
34 43 12.500000
34 44 14.300000
34 45 16.100000
34 46 14.000000
34 47 8.400000
34 48 9.300000
34 49 10.000000
34 50 12.300000
34 51 35.700000
34 52 8.300000
35 36 39.500000
35 37 8.800000
35 38 18.600000
35 39 10.800000
35 40 28.200000
35 41 16.900000
35 42 20.700000
35 43 6.100000
35 44 11.100000
35 45 13.000000
35 46 10.900000
35 47 6.100000
35 48 6.000000
35 49 6.900000
35 50 5.900000
35 51 32.500000
35 52 6.000000
36 37 32.400000
36 38 36.000000
36 39 47.700000
36 40 16.600000
36 41 37.400000
36 42 33.100000
36 43 45.000000
36 44 28.000000
36 45 28.000000
36 46 30.700000
36 47 40.400000
36 48 33.100000
36 49 32.900000
36 50 44.800000
36 51 15.800000
36 52 40.300000
37 38 9.600000
37 39 18.900000
37 40 21.100000
37 41 25.000000
37 42 28.800000
37 43 14.200000
37 44 6.000000
37 45 5.800000
37 46 3.800000
37 47 9.700000
37 48 3.900000
37 49 2.100000
37 50 14.000000
37 51 32.100000
37 52 9.600000
38 39 28.700000
38 40 21.100000
38 41 34.800000
38 42 31.000000
38 43 24.100000
38 44 12.000000
38 45 11.900000
38 46 9.800000
38 47 19.500000
38 48 13.700000
38 49 11.900000
38 50 23.900000
38 51 35.600000
38 52 19.400000
39 40 38.200000
39 41 10.800000
39 42 14.700000
39 43 4.400000
39 44 21.100000
39 45 23.000000
39 46 20.900000
39 47 16.200000
39 48 16.100000
39 49 16.900000
39 50 4.800000
39 51 31.600000
39 52 16.100000
40 41 35.400000
40 42 31.000000
40 43 33.700000
40 44 16.600000
40 45 16.700000
40 46 19.400000
40 47 29.100000
40 48 21.700000
40 49 21.500000
40 50 33.500000
40 51 32.500000
40 52 29.000000
41 42 8.300000
41 43 12.900000
41 44 27.300000
41 45 29.200000
41 46 27.200000
41 47 22.400000
41 48 22.300000
41 49 23.100000
41 50 11.100000
41 51 21.400000
41 52 22.300000
42 43 16.800000
42 44 20.100000
42 45 23.100000
42 46 22.100000
42 47 26.200000
42 48 22.000000
42 49 27.000000
42 50 14.900000
42 51 17.000000
42 52 26.100000
43 44 16.600000
43 45 18.400000
43 46 16.400000
43 47 11.600000
43 48 11.500000
43 49 12.300000
43 50 2.000000
43 51 33.700000
43 52 11.500000
44 45 4.200000
44 46 2.200000
44 47 11.900000
44 48 5.200000
44 49 6.400000
44 50 16.300000
44 51 24.600000
44 52 11.800000
45 46 4.200000
45 47 13.800000
45 48 8.000000
45 49 6.300000
45 50 18.200000
45 51 28.600000
45 52 13.800000
46 47 11.800000
46 48 6.000000
46 49 4.200000
46 50 16.200000
46 51 26.700000
46 52 11.700000
47 48 6.900000
47 49 7.700000
47 50 11.400000
47 51 33.400000
47 52 3.100000
48 49 2.000000
48 50 11.300000
48 51 26.600000
48 52 6.800000
49 50 12.200000
49 51 28.400000
49 52 7.700000
50 51 31.800000
50 52 11.300000
51 52 33.300000
