0 9860.000000 14152.000000
1 9396.000000 14616.000000
2 11252.000000 14848.000000
3 11020.000000 13456.000000
4 9512.000000 15776.000000
5 10788.000000 13804.000000
6 10208.000000 14384.000000
7 11600.000000 13456.000000
8 11252.000000 14036.000000
9 10672.000000 15080.000000
10 11136.000000 14152.000000
11 9860.000000 13108.000000
12 10092.000000 14964.000000
13 9512.000000 13340.000000
14 10556.000000 13688.000000
15 9628.000000 14036.000000
16 10904.000000 13108.000000
17 11368.000000 12644.000000
18 11252.000000 13340.000000
19 10672.000000 13340.000000
20 11020.000000 13108.000000
21 11020.000000 13340.000000
22 11136.000000 13572.000000
23 11020.000000 13688.000000
24 8468.000000 11136.000000
25 8932.000000 12064.000000
26 9512.000000 12412.000000
27 7772.000000 11020.000000
28 8352.000000 10672.000000
29 9164.000000 12876.000000
30 9744.000000 12528.000000
31 8352.000000 10324.000000
32 8236.000000 11020.000000
33 8468.000000 12876.000000
34 8700.000000 14036.000000
35 8932.000000 13688.000000
36 9048.000000 13804.000000
37 8468.000000 12296.000000
38 8352.000000 12644.000000
39 8236.000000 13572.000000
40 9164.000000 13340.000000
41 8004.000000 12760.000000
42 8584.000000 13108.000000
43 7772.000000 14732.000000
44 7540.000000 15080.000000
45 7424.000000 17516.000000
46 8352.000000 17052.000000
47 7540.000000 16820.000000
48 7888.000000 17168.000000
49 9744.000000 15196.000000
50 9164.000000 14964.000000
51 9744.000000 16240.000000
52 7888.000000 16936.000000
53 8236.000000 15428.000000
54 9512.000000 17400.000000
55 9164.000000 16008.000000
56 8700.000000 15312.000000
57 11716.000000 16008.000000
58 12992.000000 14964.000000
59 12412.000000 14964.000000
60 12296.000000 15312.000000
61 12528.000000 15196.000000
62 15312.000000 6612.000000
63 11716.000000 16124.000000
64 11600.000000 19720.000000
65 10324.000000 17516.000000
66 12412.000000 13340.000000
67 12876.000000 12180.000000
68 13688.000000 10904.000000
69 13688.000000 11716.000000
70 13688.000000 12528.000000
71 11484.000000 13224.000000
72 12296.000000 12760.000000
73 12064.000000 12528.000000
74 12644.000000 10556.000000
75 11832.000000 11252.000000
76 11368.000000 12296.000000
77 11136.000000 11020.000000
78 10556.000000 11948.000000
79 10324.000000 11716.000000
80 11484.000000 9512.000000
81 11484.000000 7540.000000
82 11020.000000 7424.000000
83 11484.000000 9744.000000
84 16936.000000 12180.000000
85 17052.000000 12064.000000
86 16936.000000 11832.000000
87 17052.000000 11600.000000
88 13804.000000 18792.000000
89 12064.000000 14964.000000
90 12180.000000 15544.000000
91 14152.000000 18908.000000
92 5104.000000 14616.000000
93 6496.000000 17168.000000
94 5684.000000 13224.000000
95 15660.000000 10788.000000
96 5336.000000 10324.000000
97 812.000000 6264.000000
98 14384.000000 20184.000000
99 11252.000000 15776.000000
100 9744.000000 3132.000000
101 10904.000000 3480.000000
102 7308.000000 14848.000000
103 16472.000000 16472.000000
104 10440.000000 14036.000000
105 10672.000000 13804.000000
106 1160.000000 18560.000000
107 10788.000000 13572.000000
108 15660.000000 11368.000000
109 15544.000000 12760.000000
110 5336.000000 18908.000000
111 6264.000000 19140.000000
112 11832.000000 17516.000000
113 10672.000000 14152.000000
114 10208.000000 15196.000000
115 12180.000000 14848.000000
116 11020.000000 10208.000000
117 7656.000000 17052.000000
118 16240.000000 8352.000000
119 10440.000000 14732.000000
120 9164.000000 15544.000000
121 8004.000000 11020.000000
122 5684.000000 11948.000000
123 9512.000000 16472.000000
124 13688.000000 17516.000000
125 11484.000000 8468.000000
126 3248.000000 14152.000000
