1 33 295
2 19 197
3 72 162
4 87 256
5 18 126
6 47 229
7 4 132
8 41 225
9 29 222
10 56 252
11 23 287
12 90 261
13 56 224
14 82 171
15 34 138
16 59 221
17 4 233
18 25 198
19 91 189
20 38 232
21 22 167
22 86 191
23 23 152
24 93 128
25 81 162
26 66 253
27 4 203
28 76 182
29 71 244
30 37 245
31 89 116
32 30 291
33 31 144
34 29 106
35 63 147
36 90 184
37 23 164
38 98 127
39 74 211
40 55 291
41 30 204
42 33 234
43 0 229
44 40 245
45 73 257
46 98 218
47 79 274
48 55 285
49 15 189
50 69 282
51 89 119
52 48 132
