0 1 666.108099
0 2 281.113856
0 3 395.600809
0 4 291.204396
0 5 326.266762
0 6 640.800281
0 7 426.878203
0 8 600.187471
0 9 561.471282
0 10 1040.973102
0 11 655.019084
0 12 975.000000
0 13 1120.769825
0 14 299.040131
0 15 260.048072
0 16 429.534632
0 17 161.554944
0 18 305.000000
0 19 210.059515
1 2 649.326574
1 3 1047.091209
1 4 945.145491
1 5 978.084863
1 6 45.000000
1 7 956.151139
1 8 1134.955946
1 9 1132.982789
1 10 1638.787662
1 11 1258.590481
1 12 1440.078123
1 13 1515.725899
1 14 957.823053
1 15 724.033839
1 16 494.772675
1 17 595.482997
1 18 843.400854
1 19 564.468777
2 3 603.510563
2 4 508.944987
2 5 542.517281
2 6 610.573501
2 7 308.058436
2 8 485.643902
2 9 487.262763
2 10 1266.688596
2 11 891.361318
2 12 1247.757989
2 13 1399.732117
2 14 504.876222
2 15 537.401154
2 16 217.313138
2 17 134.629120
2 18 207.002415
2 19 440.964851
3 4 104.403065
3 5 69.641941
3 6 1026.364945
3 7 525.000000
3 8 611.003273
3 9 533.900740
3 10 663.193034
3 11 294.363721
3 12 711.073133
3 13 897.008919
3 14 100.124922
3 15 384.219989
3 16 800.249961
3 17 532.353266
3 18 474.684105
3 19 500.624610
4 5 35.355339
4 6 923.593525
4 7 470.558179
4 8 583.630876
4 9 513.468597
4 10 760.805494
4 11 382.426464
4 12 769.041611
4 13 944.311919
4 14 25.000000
4 15 309.232922
4 16 700.071425
4 17 430.464865
4 18 400.780489
4 19 406.601771
5 6 957.039707
5 7 491.553659
5 8 596.007550
5 9 523.259018
5 10 726.102610
5 11 349.284984
5 12 744.194195
5 13 922.781122
5 14 40.311289
5 15 328.823661
5 16 735.017007
5 17 465.671558
5 18 427.931069
5 19 435.229824
6 7 918.095856
6 8 1095.924267
6 9 1095.730350
6 10 1627.421273
6 11 1245.200787
6 12 1440.312466
6 13 1521.725994
6 14 935.360893
6 15 713.862732
6 16 451.248269
6 17 562.249944
6 18 807.000620
6 19 551.769880
7 8 183.439363
7 9 180.346888
7 10 1144.901743
7 11 812.049875
7 12 1234.341930
7 13 1414.231240
7 14 452.548340
7 15 660.984115
7 16 506.581681
7 17 381.215162
7 18 125.896783
7 19 635.963835
8 9 83.216585
8 10 1165.611428
8 11 873.856396
8 12 1316.757381
8 13 1507.116452
8 14 561.471282
8 15 817.954766
8 16 670.317089
8 17 564.645907
8 18 308.058436
8 19 810.246876
9 10 1082.647219
9 11 792.085854
9 12 1236.577939
9 13 1428.294437
9 14 490.433482
9 15 763.691692
9 16 686.476511
9 17 547.950728
9 18 290.903764
9 19 770.275925
10 11 387.072345
10 12 442.718872
10 13 619.556293
10 14 762.364742
10 15 914.822387
10 16 1460.693329
10 17 1190.094534
10 18 1124.299782
10 19 1075.662587
11 12 452.133830
11 13 653.241915
11 14 388.104367
11 15 537.703450
11 16 1078.355229
11 17 806.876694
11 18 768.846539
11 19 694.136154
12 13 205.548048
12 14 784.091831
12 15 759.275971
12 16 1399.508842
12 17 1136.540804
12 18 1169.465690
12 19 919.918475
13 14 961.691219
13 15 883.883476
13 16 1534.218042
13 17 1280.673651
13 18 1340.634178
13 19 1034.649699
14 15 332.415403
14 16 700.160696
14 17 432.348239
14 18 387.620949
14 19 424.794068
15 16 650.711149
15 17 407.829621
15 18 548.862460
15 19 165.075740
16 17 271.661554
16 18 421.099751
16 19 512.079095
17 18 258.118190
17 19 306.471858
18 19 512.445119
