0 6.000000 18.000000
1 11.000000 0.000000
2 24.000000 6.000000
3 36.000000 13.000000
4 41.000000 19.000000
5 51.000000 5.000000
6 64.000000 9.000000
7 71.000000 15.000000
8 86.000000 1.000000
9 95.000000 1.000000
10 104.000000 18.000000
11 119.000000 14.000000
12 120.000000 17.000000
13 132.000000 8.000000
14 148.000000 13.000000
15 158.000000 20.000000
16 163.000000 5.000000
17 178.000000 11.000000
18 185.000000 20.000000
19 196.000000 19.000000
20 207.000000 19.000000
21 217.000000 9.000000
22 229.000000 11.000000
23 5.000000 32.000000
24 12.000000 23.000000
25 28.000000 27.000000
26 31.000000 26.000000
27 45.000000 34.000000
28 55.000000 37.000000
29 67.000000 23.000000
30 75.000000 34.000000
31 85.000000 35.000000
32 99.000000 28.000000
33 108.000000 21.000000
34 113.000000 27.000000
35 122.000000 40.000000
36 131.000000 39.000000
37 141.000000 40.000000
38 151.000000 28.000000
39 166.000000 27.000000
40 177.000000 23.000000
41 182.000000 22.000000
42 191.000000 25.000000
43 203.000000 32.000000
44 211.000000 28.000000
45 224.000000 24.000000
46 1.000000 55.000000
47 18.000000 42.000000
48 26.000000 50.000000
49 38.000000 49.000000
50 42.000000 60.000000
51 57.000000 42.000000
52 69.000000 41.000000
53 79.000000 55.000000
54 85.000000 52.000000
55 95.000000 48.000000
56 102.000000 43.000000
57 114.000000 42.000000
58 121.000000 45.000000
59 135.000000 55.000000
60 146.000000 51.000000
61 159.000000 47.000000
62 161.000000 49.000000
63 171.000000 48.000000
64 181.000000 52.000000
65 194.000000 52.000000
66 208.000000 50.000000
67 214.000000 52.000000
68 223.000000 46.000000
69 1.000000 71.000000
70 14.000000 73.000000
71 25.000000 61.000000
72 35.000000 63.000000
73 42.000000 65.000000
74 54.000000 79.000000
75 65.000000 69.000000
76 73.000000 69.000000
77 81.000000 70.000000
78 98.000000 66.000000
79 105.000000 60.000000
80 115.000000 77.000000
81 125.000000 65.000000
82 135.000000 71.000000
83 143.000000 77.000000
84 151.000000 77.000000
85 162.000000 65.000000
86 175.000000 64.000000
87 187.000000 74.000000
88 197.000000 67.000000
89 202.000000 68.000000
90 215.000000 78.000000
91 225.000000 62.000000
92 8.000000 83.000000
93 16.000000 89.000000
94 20.000000 99.000000
95 34.000000 85.000000
96 47.000000 86.000000
97 56.000000 86.000000
98 67.000000 92.000000
99 78.000000 84.000000
100 84.000000 95.000000
101 99.000000 93.000000
102 101.000000 97.000000
103 115.000000 92.000000
104 127.000000 97.000000
105 132.000000 87.000000
106 149.000000 95.000000
107 156.000000 100.000000
108 164.000000 95.000000
109 171.000000 81.000000
110 189.000000 100.000000
111 198.000000 89.000000
112 208.000000 81.000000
113 216.000000 92.000000
114 229.000000 86.000000
115 1.000000 100.000000
116 12.000000 102.000000
117 22.000000 113.000000
118 37.000000 103.000000
119 48.000000 104.000000
120 56.000000 113.000000
121 68.000000 119.000000
122 72.000000 100.000000
123 81.000000 110.000000
124 98.000000 107.000000
125 103.000000 103.000000
126 112.000000 120.000000
127 130.000000 120.000000
128 136.000000 104.000000
129 142.000000 120.000000
130 157.000000 106.000000
131 164.000000 112.000000
132 174.000000 119.000000
133 184.000000 101.000000
134 198.000000 115.000000
135 202.000000 115.000000
136 212.000000 118.000000
137 229.000000 101.000000
138 6.000000 127.000000
139 12.000000 140.000000
140 22.000000 121.000000
141 31.000000 132.000000
142 41.000000 132.000000
143 53.000000 124.000000
144 62.000000 136.000000
145 80.000000 126.000000
146 84.000000 123.000000
147 98.000000 126.000000
148 108.000000 130.000000
149 115.000000 134.000000
150 128.000000 125.000000
151 136.000000 133.000000
152 145.000000 134.000000
153 152.000000 131.000000
154 167.000000 127.000000
155 171.000000 135.000000
156 184.000000 139.000000
157 199.000000 124.000000
158 202.000000 127.000000
159 217.000000 128.000000
160 225.000000 121.000000
161 8.000000 148.000000
162 16.000000 148.000000
163 27.000000 149.000000
164 37.000000 155.000000
165 42.000000 150.000000
166 54.000000 144.000000
167 65.000000 145.000000
168 75.000000 142.000000
169 82.000000 144.000000
170 91.000000 151.000000
171 101.000000 143.000000
172 115.000000 142.000000
173 127.000000 157.000000
174 139.000000 157.000000
175 147.000000 159.000000
176 155.000000 159.000000
177 163.000000 142.000000
178 177.000000 154.000000
179 183.000000 149.000000
180 199.000000 157.000000
181 201.000000 145.000000
182 218.000000 144.000000
183 228.000000 158.000000
184 3.000000 166.000000
185 18.000000 178.000000
186 29.000000 172.000000
187 33.000000 171.000000
188 43.000000 173.000000
189 52.000000 168.000000
190 68.000000 175.000000
191 73.000000 164.000000
192 82.000000 173.000000
193 93.000000 165.000000
194 101.000000 173.000000
195 117.000000 172.000000
196 124.000000 177.000000
197 139.000000 175.000000
198 145.000000 177.000000
199 151.000000 177.000000
200 166.000000 165.000000
201 178.000000 169.000000
202 181.000000 161.000000
203 199.000000 166.000000
204 208.000000 173.000000
205 219.000000 172.000000
206 223.000000 171.000000
207 8.000000 190.000000
208 15.000000 183.000000
209 24.000000 194.000000
210 34.000000 196.000000
211 42.000000 185.000000
212 51.000000 198.000000
213 65.000000 199.000000
214 72.000000 195.000000
215 83.000000 191.000000
216 96.000000 183.000000
217 107.000000 195.000000
218 117.000000 191.000000
219 123.000000 194.000000
220 132.000000 184.000000
221 148.000000 188.000000
222 158.000000 199.000000
223 165.000000 184.000000
224 174.000000 193.000000
225 184.000000 186.000000
226 190.000000 195.000000
227 209.000000 194.000000
228 219.000000 180.000000
229 226.000000 192.000000
230 1.000000 210.000000
231 17.000000 207.000000
232 22.000000 201.000000
233 34.000000 213.000000
234 44.000000 213.000000
235 56.000000 202.000000
236 62.000000 209.000000
237 74.000000 213.000000
238 89.000000 209.000000
239 95.000000 212.000000
240 108.000000 205.000000
241 119.000000 218.000000
242 124.000000 203.000000
243 133.000000 208.000000
244 141.000000 207.000000
245 157.000000 211.000000
246 167.000000 213.000000
247 176.000000 210.000000
248 182.000000 201.000000
249 196.000000 218.000000
250 205.000000 219.000000
251 219.000000 218.000000
252 228.000000 208.000000
253 6.000000 222.000000
254 11.000000 234.000000
255 21.000000 222.000000
256 38.000000 239.000000
257 48.000000 227.000000
258 50.000000 231.000000
259 63.000000 232.000000
260 73.000000 240.000000
261 87.000000 234.000000
262 96.000000 237.000000
263 102.000000 228.000000
264 118.000000 224.000000
265 128.000000 229.000000
266 137.000000 221.000000
267 147.000000 227.000000
268 151.000000 224.000000
269 169.000000 233.000000
270 177.000000 225.000000
271 185.000000 220.000000
272 193.000000 238.000000
273 207.000000 229.000000
274 214.000000 230.000000
275 224.000000 234.000000
276 6.000000 240.000000
277 14.000000 257.000000
278 23.000000 253.000000
279 36.000000 247.000000
280 49.000000 254.000000
281 51.000000 242.000000
282 64.000000 251.000000
283 71.000000 258.000000
284 81.000000 260.000000
285 92.000000 242.000000
286 102.000000 254.000000
287 118.000000 253.000000
288 123.000000 244.000000
289 133.000000 241.000000
290 148.000000 254.000000
291 155.000000 240.000000
292 161.000000 250.000000
293 173.000000 257.000000
294 181.000000 254.000000
295 192.000000 256.000000
296 205.000000 251.000000
297 218.000000 254.000000
298 229.000000 241.000000
299 2.000000 277.000000
300 15.000000 275.000000
301 22.000000 267.000000
302 32.000000 274.000000
303 44.000000 269.000000
304 57.000000 278.000000
305 64.000000 261.000000
306 71.000000 273.000000
307 81.000000 278.000000
308 96.000000 272.000000
309 102.000000 272.000000
310 115.000000 271.000000
311 120.000000 280.000000
312 135.000000 278.000000
313 149.000000 261.000000
314 158.000000 263.000000
315 163.000000 270.000000
316 175.000000 273.000000
317 185.000000 265.000000
318 200.000000 276.000000
319 204.000000 273.000000
320 215.000000 263.000000
321 227.000000 265.000000
322 4.000000 300.000000
323 13.000000 293.000000
324 22.000000 287.000000
325 38.000000 297.000000
326 41.000000 296.000000
327 54.000000 286.000000
328 68.000000 296.000000
329 71.000000 281.000000
330 86.000000 288.000000
331 96.000000 285.000000
332 101.000000 296.000000
333 119.000000 292.000000
334 122.000000 292.000000
335 140.000000 293.000000
336 147.000000 300.000000
337 158.000000 290.000000
338 163.000000 286.000000
339 174.000000 294.000000
340 187.000000 298.000000
341 199.000000 290.000000
342 203.000000 280.000000
343 216.000000 281.000000
344 226.000000 288.000000
345 9.000000 310.000000
346 17.000000 308.000000
347 24.000000 308.000000
348 31.000000 305.000000
349 41.000000 305.000000
350 52.000000 313.000000
351 65.000000 315.000000
352 72.000000 311.000000
353 87.000000 313.000000
354 93.000000 303.000000
355 104.000000 307.000000
356 112.000000 305.000000
357 122.000000 307.000000
358 135.000000 317.000000
359 147.000000 313.000000
360 157.000000 314.000000
361 163.000000 306.000000
362 177.000000 316.000000
363 188.000000 306.000000
364 195.000000 302.000000
365 208.000000 301.000000
366 215.000000 313.000000
367 221.000000 308.000000
368 1.000000 338.000000
369 18.000000 331.000000
370 27.000000 324.000000
371 37.000000 338.000000
372 46.000000 332.000000
373 54.000000 327.000000
374 62.000000 337.000000
375 71.000000 328.000000
376 81.000000 338.000000
377 98.000000 325.000000
378 108.000000 322.000000
379 112.000000 327.000000
380 124.000000 329.000000
381 138.000000 338.000000
382 145.000000 322.000000
383 151.000000 337.000000
384 162.000000 324.000000
385 179.000000 320.000000
386 182.000000 340.000000
387 196.000000 335.000000
388 209.000000 340.000000
389 212.000000 324.000000
390 229.000000 333.000000
391 9.000000 352.000000
392 17.000000 341.000000
393 24.000000 344.000000
394 37.000000 340.000000
395 46.000000 357.000000
396 57.000000 348.000000
397 68.000000 351.000000
398 77.000000 352.000000
399 85.000000 349.000000
400 96.000000 349.000000
401 109.000000 358.000000
402 112.000000 343.000000
403 122.000000 345.000000
404 131.000000 350.000000
405 143.000000 357.000000
406 151.000000 356.000000
407 163.000000 354.000000
408 176.000000 344.000000
409 185.000000 340.000000
410 199.000000 341.000000
411 203.000000 343.000000
412 213.000000 340.000000
413 225.000000 357.000000
414 7.000000 376.000000
415 17.000000 371.000000
416 22.000000 376.000000
417 34.000000 362.000000
418 41.000000 364.000000
419 56.000000 374.000000
420 62.000000 365.000000
421 74.000000 362.000000
422 82.000000 379.000000
423 96.000000 379.000000
424 106.000000 370.000000
425 119.000000 370.000000
426 127.000000 376.000000
427 136.000000 372.000000
428 143.000000 368.000000
429 156.000000 375.000000
430 168.000000 365.000000
431 178.000000 370.000000
432 189.000000 366.000000
433 191.000000 368.000000
434 204.000000 376.000000
435 213.000000 369.000000
436 229.000000 367.000000
437 4.000000 396.000000
438 17.000000 392.000000
439 29.000000 394.000000
440 39.000000 380.000000
441 45.000000 391.000000
442 56.000000 398.000000
443 66.000000 390.000000
444 75.000000 394.000000
445 88.000000 400.000000
446 96.000000 392.000000
447 102.000000 393.000000
448 119.000000 382.000000
449 126.000000 393.000000
450 135.000000 391.000000
451 143.000000 397.000000
452 156.000000 397.000000
453 167.000000 396.000000
454 171.000000 389.000000
455 186.000000 387.000000
456 193.000000 397.000000
457 208.000000 399.000000
458 212.000000 399.000000
459 226.000000 385.000000
460 9.000000 419.000000
461 18.000000 409.000000
462 25.000000 407.000000
463 39.000000 407.000000
464 41.000000 406.000000
465 59.000000 414.000000
466 61.000000 401.000000
467 78.000000 406.000000
468 89.000000 418.000000
469 94.000000 418.000000
470 108.000000 401.000000
471 117.000000 404.000000
472 128.000000 403.000000
473 136.000000 412.000000
474 147.000000 410.000000
475 158.000000 404.000000
476 167.000000 405.000000
477 175.000000 419.000000
478 189.000000 403.000000
479 193.000000 419.000000
480 202.000000 418.000000
481 215.000000 407.000000
482 224.000000 416.000000
483 2.000000 421.000000
484 11.000000 430.000000
485 29.000000 421.000000
486 33.000000 439.000000
487 46.000000 432.000000
488 54.000000 438.000000
489 67.000000 426.000000
490 79.000000 423.000000
491 84.000000 433.000000
492 96.000000 435.000000
493 104.000000 427.000000
494 114.000000 432.000000
495 125.000000 435.000000
496 135.000000 422.000000
497 142.000000 431.000000
498 150.000000 430.000000
499 166.000000 430.000000
500 178.000000 437.000000
501 181.000000 439.000000
502 191.000000 436.000000
503 204.000000 438.000000
504 211.000000 425.000000
505 227.000000 439.000000
506 1.000000 451.000000
507 16.000000 459.000000
508 27.000000 449.000000
509 33.000000 451.000000
510 43.000000 445.000000
511 57.000000 443.000000
512 67.000000 458.000000
513 77.000000 441.000000
514 84.000000 454.000000
515 92.000000 440.000000
516 102.000000 460.000000
517 116.000000 451.000000
518 126.000000 444.000000
519 134.000000 449.000000
520 147.000000 447.000000
521 154.000000 446.000000
522 167.000000 444.000000
523 177.000000 449.000000
524 189.000000 451.000000
525 198.000000 446.000000
526 203.000000 455.000000
527 213.000000 449.000000
528 221.000000 450.000000
529 7.000000 475.000000
530 19.000000 480.000000
531 23.000000 477.000000
532 33.000000 480.000000
533 43.000000 474.000000
534 54.000000 474.000000
535 68.000000 472.000000
536 74.000000 464.000000
537 85.000000 466.000000
538 94.000000 475.000000
539 108.000000 470.000000
540 113.000000 461.000000
541 129.000000 470.000000
542 136.000000 473.000000
543 143.000000 461.000000
544 153.000000 478.000000
545 160.000000 470.000000
546 172.000000 479.000000
547 181.000000 469.000000
548 198.000000 460.000000
549 206.000000 464.000000
550 217.000000 478.000000
551 228.000000 473.000000
552 9.000000 498.000000
553 16.000000 494.000000
554 24.000000 496.000000
555 33.000000 490.000000
556 46.000000 481.000000
557 51.000000 499.000000
558 69.000000 491.000000
559 71.000000 484.000000
560 85.000000 485.000000
561 93.000000 481.000000
562 106.000000 485.000000
563 117.000000 482.000000
564 121.000000 482.000000
565 136.000000 497.000000
566 143.000000 489.000000
567 156.000000 480.000000
568 165.000000 492.000000
569 176.000000 488.000000
570 183.000000 499.000000
571 192.000000 493.000000
572 201.000000 494.000000
573 212.000000 491.000000
574 226.000000 482.000000
