0 3 0
1 516 0
2 524 0
3 530 0
4 20 0
5 534 0
6 541 0
7 542 0
8 545 0
9 34 0
10 36 0
11 551 0
12 40 0
13 47 0
14 573 0
15 71 0
16 74 0
17 76 0
18 84 0
19 92 0
20 97 0
21 98 0
22 99 0
23 101 0
24 105 0
25 18 0
26 116 0
27 118 0
28 119 0
29 532 0
30 130 0
31 22 0
32 135 0
33 142 0
34 145 0
35 148 0
36 159 0
37 161 0
38 164 0
39 175 0
40 181 0
41 183 0
42 196 0
43 202 0
44 203 0
45 217 0
46 219 0
47 223 0
48 227 0
49 230 0
50 241 0
51 243 0
52 248 0
53 254 0
54 257 0
55 274 0
56 277 0
57 289 0
58 297 0
59 300 0
60 305 0
61 316 0
62 323 0
63 329 0
64 332 0
65 336 0
66 338 0
67 346 0
68 353 0
69 354 0
70 355 0
71 356 0
72 360 0
73 372 0
74 375 0
75 388 0
76 390 0
77 392 0
78 409 0
79 412 0
80 418 0
81 429 0
82 433 0
83 434 0
84 442 0
85 443 0
86 454 0
87 458 0
88 468 0
89 484 0
90 487 0
91 497 0
92 501 0
